0,0x95cED938F7991cd0dFcb48F0a06a40FA1aF46EBC,155793,4
1,0xd03ea8624C8C5987235048901fB614fDcA89b117,233463,7
2,0xFFcf8FDEE72ac11b5c542428B35EEF5769C409f0,569935,20
3,0x28a8746e75304c0780E011BEd21C72cD78cd535E,958319,35
4,0x90F8bf6A479f320ead074411a4B0e7944Ea8c9C1,285247,9
5,0x28a8746e75304c0780E011BEd21C72cD78cd535E,192564,6
6,0x3E5e9111Ae8eB78Fe1CC3bb8915d5D461F3Ef9A9,621699,22
7,0xFFcf8FDEE72ac11b5c542428B35EEF5769C409f0,658500,24
8,0xACa94ef8bD5ffEE41947b4585a84BdA5a3d3DA6E,311122,10
9,0xd03ea8624C8C5987235048901fB614fDcA89b117,296098,10
10,0x22d491Bde2303f2f43325b2108D26f1eAbA1e32b,621699,22
11,0x1dF62f291b2E969fB0849d99D9Ce41e2F137006e,337008,11
12,0xE11BA2b4D45Eaed5996Cd0823791E0C93114882d,854748,31
13,0x28a8746e75304c0780E011BEd21C72cD78cd535E,1124422,42
14,0xE11BA2b4D45Eaed5996Cd0823791E0C93114882d,477344,17
15,0x28a8746e75304c0780E011BEd21C72cD78cd535E,503183,18
16,0x1dF62f291b2E969fB0849d99D9Ce41e2F137006e,192564,6
17,0x28a8746e75304c0780E011BEd21C72cD78cd535E,554887,20
18,0xd03ea8624C8C5987235048901fB614fDcA89b117,580883,21
19,0x90F8bf6A479f320ead074411a4B0e7944Ea8c9C1,606663,22
20,0xd03ea8624C8C5987235048901fB614fDcA89b117,140781,4
21,0xE11BA2b4D45Eaed5996Cd0823791E0C93114882d,140769,4
22,0x1dF62f291b2E969fB0849d99D9Ce41e2F137006e,373746,13
23,0x3E5e9111Ae8eB78Fe1CC3bb8915d5D461F3Ef9A9,1176204,44
24,0x28a8746e75304c0780E011BEd21C72cD78cd535E,995088,37
25,0xE11BA2b4D45Eaed5996Cd0823791E0C93114882d,580871,21
26,0x22d491Bde2303f2f43325b2108D26f1eAbA1e32b,425569,15
27,0x28a8746e75304c0780E011BEd21C72cD78cd535E,580859,21
28,0x3E5e9111Ae8eB78Fe1CC3bb8915d5D461F3Ef9A9,296110,10
29,0x22d491Bde2303f2f43325b2108D26f1eAbA1e32b,891539,33
30,0xd03ea8624C8C5987235048901fB614fDcA89b117,322032,11
31,0xFFcf8FDEE72ac11b5c542428B35EEF5769C409f0,943307,35
32,0xFFcf8FDEE72ac11b5c542428B35EEF5769C409f0,296074,10
33,0x3E5e9111Ae8eB78Fe1CC3bb8915d5D461F3Ef9A9,140793,4
34,0xE11BA2b4D45Eaed5996Cd0823791E0C93114882d,166666,5
35,0x28a8746e75304c0780E011BEd21C72cD78cd535E,89021,2
36,0x95cED938F7991cd0dFcb48F0a06a40FA1aF46EBC,632660,23
37,0x1dF62f291b2E969fB0849d99D9Ce41e2F137006e,425557,15
38,0xACa94ef8bD5ffEE41947b4585a84BdA5a3d3DA6E,166690,5
39,0xFFcf8FDEE72ac11b5c542428B35EEF5769C409f0,114907,3
40,0xFFcf8FDEE72ac11b5c542428B35EEF5769C409f0,554935,20
41,0xd03ea8624C8C5987235048901fB614fDcA89b117,1176228,44
42,0xACa94ef8bD5ffEE41947b4585a84BdA5a3d3DA6E,425581,15
43,0xACa94ef8bD5ffEE41947b4585a84BdA5a3d3DA6E,710230,26
44,0x95cED938F7991cd0dFcb48F0a06a40FA1aF46EBC,1253987,47
45,0x90F8bf6A479f320ead074411a4B0e7944Ea8c9C1,684437,25
46,0xFFcf8FDEE72ac11b5c542428B35EEF5769C409f0,192564,6
47,0xACa94ef8bD5ffEE41947b4585a84BdA5a3d3DA6E,244325,8
48,0x90F8bf6A479f320ead074411a4B0e7944Ea8c9C1,529095,19
49,0xFFcf8FDEE72ac11b5c542428B35EEF5769C409f0,658452,24
50,0x1dF62f291b2E969fB0849d99D9Ce41e2F137006e,917345,34
51,0x90F8bf6A479f320ead074411a4B0e7944Ea8c9C1,296110,10
52,0x3E5e9111Ae8eB78Fe1CC3bb8915d5D461F3Ef9A9,89033,2
53,0x3E5e9111Ae8eB78Fe1CC3bb8915d5D461F3Ef9A9,839760,31
54,0x28a8746e75304c0780E011BEd21C72cD78cd535E,917333,34
55,0x1dF62f291b2E969fB0849d99D9Ce41e2F137006e,1279735,48
56,0x1dF62f291b2E969fB0849d99D9Ce41e2F137006e,580907,21
57,0xE11BA2b4D45Eaed5996Cd0823791E0C93114882d,399633,14
58,0xACa94ef8bD5ffEE41947b4585a84BdA5a3d3DA6E,296122,10
59,0x1dF62f291b2E969fB0849d99D9Ce41e2F137006e,1020822,38
60,0x3E5e9111Ae8eB78Fe1CC3bb8915d5D461F3Ef9A9,270235,9
61,0x95cED938F7991cd0dFcb48F0a06a40FA1aF46EBC,710254,26
62,0x90F8bf6A479f320ead074411a4B0e7944Ea8c9C1,218463,7
63,0x90F8bf6A479f320ead074411a4B0e7944Ea8c9C1,1202192,45
64,0x22d491Bde2303f2f43325b2108D26f1eAbA1e32b,322008,11
65,0x95cED938F7991cd0dFcb48F0a06a40FA1aF46EBC,114895,3
66,0x22d491Bde2303f2f43325b2108D26f1eAbA1e32b,554947,20
67,0xFFcf8FDEE72ac11b5c542428B35EEF5769C409f0,761996,28
68,0x22d491Bde2303f2f43325b2108D26f1eAbA1e32b,1176168,44
69,0xACa94ef8bD5ffEE41947b4585a84BdA5a3d3DA6E,1098651,41
70,0x95cED938F7991cd0dFcb48F0a06a40FA1aF46EBC,891563,33
71,0xE11BA2b4D45Eaed5996Cd0823791E0C93114882d,1020870,38
72,0x22d491Bde2303f2f43325b2108D26f1eAbA1e32b,1305711,49
73,0xFFcf8FDEE72ac11b5c542428B35EEF5769C409f0,425545,15
74,0x1dF62f291b2E969fB0849d99D9Ce41e2F137006e,969101,36
75,0x22d491Bde2303f2f43325b2108D26f1eAbA1e32b,943283,35
76,0xE11BA2b4D45Eaed5996Cd0823791E0C93114882d,710206,26
77,0xd03ea8624C8C5987235048901fB614fDcA89b117,1202192,45
78,0x1dF62f291b2E969fB0849d99D9Ce41e2F137006e,813798,30
79,0x1dF62f291b2E969fB0849d99D9Ce41e2F137006e,969089,36
80,0xd03ea8624C8C5987235048901fB614fDcA89b117,813786,30
81,0x28a8746e75304c0780E011BEd21C72cD78cd535E,1150457,43
82,0xACa94ef8bD5ffEE41947b4585a84BdA5a3d3DA6E,1227927,46
83,0xACa94ef8bD5ffEE41947b4585a84BdA5a3d3DA6E,347883,12
84,0x22d491Bde2303f2f43325b2108D26f1eAbA1e32b,1098651,41
85,0xFFcf8FDEE72ac11b5c542428B35EEF5769C409f0,1072688,40
86,0x22d491Bde2303f2f43325b2108D26f1eAbA1e32b,761996,28
87,0x95cED938F7991cd0dFcb48F0a06a40FA1aF46EBC,632672,23
88,0xACa94ef8bD5ffEE41947b4585a84BdA5a3d3DA6E,89033,2
89,0xE11BA2b4D45Eaed5996Cd0823791E0C93114882d,399621,14
90,0x28a8746e75304c0780E011BEd21C72cD78cd535E,166690,5
91,0xd03ea8624C8C5987235048901fB614fDcA89b117,347835,12
92,0x90F8bf6A479f320ead074411a4B0e7944Ea8c9C1,606699,22
93,0x90F8bf6A479f320ead074411a4B0e7944Ea8c9C1,425581,15
94,0x28a8746e75304c0780E011BEd21C72cD78cd535E,1124374,42
95,0xACa94ef8bD5ffEE41947b4585a84BdA5a3d3DA6E,1124398,42
96,0x95cED938F7991cd0dFcb48F0a06a40FA1aF46EBC,270247,9
97,0xE11BA2b4D45Eaed5996Cd0823791E0C93114882d,813762,30
98,0x3E5e9111Ae8eB78Fe1CC3bb8915d5D461F3Ef9A9,1279759,48
99,0x1dF62f291b2E969fB0849d99D9Ce41e2F137006e,943295,35
100,0x3E5e9111Ae8eB78Fe1CC3bb8915d5D461F3Ef9A9,425569,15
101,0xACa94ef8bD5ffEE41947b4585a84BdA5a3d3DA6E,710254,26
102,0xE11BA2b4D45Eaed5996Cd0823791E0C93114882d,813774,30
103,0xE11BA2b4D45Eaed5996Cd0823791E0C93114882d,865565,32
104,0x3E5e9111Ae8eB78Fe1CC3bb8915d5D461F3Ef9A9,736179,27
105,0xE11BA2b4D45Eaed5996Cd0823791E0C93114882d,192540,6
106,0x22d491Bde2303f2f43325b2108D26f1eAbA1e32b,1331543,50
107,0x22d491Bde2303f2f43325b2108D26f1eAbA1e32b,969101,36
108,0xE11BA2b4D45Eaed5996Cd0823791E0C93114882d,839772,31
109,0xFFcf8FDEE72ac11b5c542428B35EEF5769C409f0,347871,12
110,0x28a8746e75304c0780E011BEd21C72cD78cd535E,606699,22
111,0x90F8bf6A479f320ead074411a4B0e7944Ea8c9C1,296098,10
112,0x28a8746e75304c0780E011BEd21C72cD78cd535E,218475,7
113,0xE11BA2b4D45Eaed5996Cd0823791E0C93114882d,1176192,44
114,0xFFcf8FDEE72ac11b5c542428B35EEF5769C409f0,632672,23
115,0x22d491Bde2303f2f43325b2108D26f1eAbA1e32b,296110,10
116,0x3E5e9111Ae8eB78Fe1CC3bb8915d5D461F3Ef9A9,296122,10
117,0xFFcf8FDEE72ac11b5c542428B35EEF5769C409f0,503147,18
118,0xFFcf8FDEE72ac11b5c542428B35EEF5769C409f0,322032,11
119,0xFFcf8FDEE72ac11b5c542428B35EEF5769C409f0,1253939,47
120,0x28a8746e75304c0780E011BEd21C72cD78cd535E,192564,6
121,0x22d491Bde2303f2f43325b2108D26f1eAbA1e32b,839736,31
122,0xE11BA2b4D45Eaed5996Cd0823791E0C93114882d,477320,17
123,0x3E5e9111Ae8eB78Fe1CC3bb8915d5D461F3Ef9A9,1279723,48
124,0x22d491Bde2303f2f43325b2108D26f1eAbA1e32b,762044,28
125,0x95cED938F7991cd0dFcb48F0a06a40FA1aF46EBC,347871,12
126,0xd03ea8624C8C5987235048901fB614fDcA89b117,89033,2
127,0xE11BA2b4D45Eaed5996Cd0823791E0C93114882d,140793,4
128,0xACa94ef8bD5ffEE41947b4585a84BdA5a3d3DA6E,1176204,44
129,0x22d491Bde2303f2f43325b2108D26f1eAbA1e32b,425533,15
130,0x95cED938F7991cd0dFcb48F0a06a40FA1aF46EBC,865553,32
131,0x90F8bf6A479f320ead074411a4B0e7944Ea8c9C1,943343,35
132,0xE11BA2b4D45Eaed5996Cd0823791E0C93114882d,1020870,38
133,0x28a8746e75304c0780E011BEd21C72cD78cd535E,1305771,49
134,0x22d491Bde2303f2f43325b2108D26f1eAbA1e32b,425569,15
135,0xE11BA2b4D45Eaed5996Cd0823791E0C93114882d,710218,26
136,0xd03ea8624C8C5987235048901fB614fDcA89b117,865517,32
137,0xE11BA2b4D45Eaed5996Cd0823791E0C93114882d,296122,10
138,0xACa94ef8bD5ffEE41947b4585a84BdA5a3d3DA6E,865541,32
139,0xACa94ef8bD5ffEE41947b4585a84BdA5a3d3DA6E,606687,22
140,0x90F8bf6A479f320ead074411a4B0e7944Ea8c9C1,684425,25
141,0x90F8bf6A479f320ead074411a4B0e7944Ea8c9C1,1279687,48
142,0xE11BA2b4D45Eaed5996Cd0823791E0C93114882d,63160,1
143,0x22d491Bde2303f2f43325b2108D26f1eAbA1e32b,1176216,44
144,0x95cED938F7991cd0dFcb48F0a06a40FA1aF46EBC,995052,37
145,0x28a8746e75304c0780E011BEd21C72cD78cd535E,995112,37
146,0x3E5e9111Ae8eB78Fe1CC3bb8915d5D461F3Ef9A9,658440,24
147,0x95cED938F7991cd0dFcb48F0a06a40FA1aF46EBC,1227951,46
148,0x3E5e9111Ae8eB78Fe1CC3bb8915d5D461F3Ef9A9,166654,5
149,0x95cED938F7991cd0dFcb48F0a06a40FA1aF46EBC,632660,23
150,0xE11BA2b4D45Eaed5996Cd0823791E0C93114882d,218463,7
151,0x90F8bf6A479f320ead074411a4B0e7944Ea8c9C1,1279711,48
152,0x90F8bf6A479f320ead074411a4B0e7944Ea8c9C1,114907,3
153,0x95cED938F7991cd0dFcb48F0a06a40FA1aF46EBC,1331507,50
154,0x3E5e9111Ae8eB78Fe1CC3bb8915d5D461F3Ef9A9,1202252,45
155,0xE11BA2b4D45Eaed5996Cd0823791E0C93114882d,684437,25
156,0x1dF62f291b2E969fB0849d99D9Ce41e2F137006e,736191,27
157,0xE11BA2b4D45Eaed5996Cd0823791E0C93114882d,813738,30
158,0x3E5e9111Ae8eB78Fe1CC3bb8915d5D461F3Ef9A9,373806,13
159,0xd03ea8624C8C5987235048901fB614fDcA89b117,1150445,43
160,0x1dF62f291b2E969fB0849d99D9Ce41e2F137006e,1305771,49
161,0x3E5e9111Ae8eB78Fe1CC3bb8915d5D461F3Ef9A9,1150397,43
162,0x22d491Bde2303f2f43325b2108D26f1eAbA1e32b,969029,36
163,0xd03ea8624C8C5987235048901fB614fDcA89b117,1020822,38
164,0xACa94ef8bD5ffEE41947b4585a84BdA5a3d3DA6E,1227915,46
165,0xACa94ef8bD5ffEE41947b4585a84BdA5a3d3DA6E,606711,22
166,0xACa94ef8bD5ffEE41947b4585a84BdA5a3d3DA6E,477332,17
167,0x90F8bf6A479f320ead074411a4B0e7944Ea8c9C1,1253975,47
168,0xACa94ef8bD5ffEE41947b4585a84BdA5a3d3DA6E,762008,28
169,0xACa94ef8bD5ffEE41947b4585a84BdA5a3d3DA6E,1124422,42
170,0x3E5e9111Ae8eB78Fe1CC3bb8915d5D461F3Ef9A9,322032,11
171,0x1dF62f291b2E969fB0849d99D9Ce41e2F137006e,1279711,48
172,0x1dF62f291b2E969fB0849d99D9Ce41e2F137006e,1176228,44
173,0x90F8bf6A479f320ead074411a4B0e7944Ea8c9C1,1176192,44
174,0x22d491Bde2303f2f43325b2108D26f1eAbA1e32b,554947,20
175,0x3E5e9111Ae8eB78Fe1CC3bb8915d5D461F3Ef9A9,218463,7
176,0x1dF62f291b2E969fB0849d99D9Ce41e2F137006e,192564,6
177,0xd03ea8624C8C5987235048901fB614fDcA89b117,580871,21
178,0x90F8bf6A479f320ead074411a4B0e7944Ea8c9C1,477332,17
179,0x22d491Bde2303f2f43325b2108D26f1eAbA1e32b,1254011,47
180,0xE11BA2b4D45Eaed5996Cd0823791E0C93114882d,1202240,45
181,0x3E5e9111Ae8eB78Fe1CC3bb8915d5D461F3Ef9A9,140793,4
182,0x28a8746e75304c0780E011BEd21C72cD78cd535E,529107,19
183,0x95cED938F7991cd0dFcb48F0a06a40FA1aF46EBC,1279723,48
184,0x22d491Bde2303f2f43325b2108D26f1eAbA1e32b,425581,15
185,0xd03ea8624C8C5987235048901fB614fDcA89b117,373794,13
186,0x90F8bf6A479f320ead074411a4B0e7944Ea8c9C1,554935,20
187,0xd03ea8624C8C5987235048901fB614fDcA89b117,606675,22
188,0x22d491Bde2303f2f43325b2108D26f1eAbA1e32b,839772,31
189,0x28a8746e75304c0780E011BEd21C72cD78cd535E,1331483,50
190,0xE11BA2b4D45Eaed5996Cd0823791E0C93114882d,425581,15
191,0x28a8746e75304c0780E011BEd21C72cD78cd535E,554911,20
192,0xACa94ef8bD5ffEE41947b4585a84BdA5a3d3DA6E,788005,29
193,0x22d491Bde2303f2f43325b2108D26f1eAbA1e32b,477356,17
194,0x3E5e9111Ae8eB78Fe1CC3bb8915d5D461F3Ef9A9,632648,23
195,0x1dF62f291b2E969fB0849d99D9Ce41e2F137006e,373794,13
196,0xACa94ef8bD5ffEE41947b4585a84BdA5a3d3DA6E,606699,22
197,0x90F8bf6A479f320ead074411a4B0e7944Ea8c9C1,166690,5
198,0xACa94ef8bD5ffEE41947b4585a84BdA5a3d3DA6E,684401,25
199,0xFFcf8FDEE72ac11b5c542428B35EEF5769C409f0,1305759,49
200,0x95cED938F7991cd0dFcb48F0a06a40FA1aF46EBC,425557,15
201,0x22d491Bde2303f2f43325b2108D26f1eAbA1e32b,373806,13
202,0x28a8746e75304c0780E011BEd21C72cD78cd535E,1072628,40
203,0xFFcf8FDEE72ac11b5c542428B35EEF5769C409f0,218475,7
204,0x3E5e9111Ae8eB78Fe1CC3bb8915d5D461F3Ef9A9,606687,22
205,0x1dF62f291b2E969fB0849d99D9Ce41e2F137006e,373806,13
206,0x1dF62f291b2E969fB0849d99D9Ce41e2F137006e,787969,29
207,0x95cED938F7991cd0dFcb48F0a06a40FA1aF46EBC,580871,21
208,0x22d491Bde2303f2f43325b2108D26f1eAbA1e32b,580895,21
209,0x3E5e9111Ae8eB78Fe1CC3bb8915d5D461F3Ef9A9,1202216,45
210,0x95cED938F7991cd0dFcb48F0a06a40FA1aF46EBC,296098,10
211,0x28a8746e75304c0780E011BEd21C72cD78cd535E,762044,28
212,0xd03ea8624C8C5987235048901fB614fDcA89b117,1253963,47
213,0x95cED938F7991cd0dFcb48F0a06a40FA1aF46EBC,995076,37
214,0x95cED938F7991cd0dFcb48F0a06a40FA1aF46EBC,684449,25
215,0x22d491Bde2303f2f43325b2108D26f1eAbA1e32b,813774,30
216,0x22d491Bde2303f2f43325b2108D26f1eAbA1e32b,813738,30
217,0x22d491Bde2303f2f43325b2108D26f1eAbA1e32b,813810,30
218,0x90F8bf6A479f320ead074411a4B0e7944Ea8c9C1,1020846,38
219,0xFFcf8FDEE72ac11b5c542428B35EEF5769C409f0,114907,3
220,0xE11BA2b4D45Eaed5996Cd0823791E0C93114882d,1331543,50
221,0xFFcf8FDEE72ac11b5c542428B35EEF5769C409f0,813714,30
222,0x95cED938F7991cd0dFcb48F0a06a40FA1aF46EBC,787933,29
223,0xACa94ef8bD5ffEE41947b4585a84BdA5a3d3DA6E,891539,33
224,0xACa94ef8bD5ffEE41947b4585a84BdA5a3d3DA6E,477344,17
225,0x90F8bf6A479f320ead074411a4B0e7944Ea8c9C1,580883,21
226,0xFFcf8FDEE72ac11b5c542428B35EEF5769C409f0,943331,35
227,0xd03ea8624C8C5987235048901fB614fDcA89b117,1150361,43
228,0x3E5e9111Ae8eB78Fe1CC3bb8915d5D461F3Ef9A9,114907,3
229,0xd03ea8624C8C5987235048901fB614fDcA89b117,1020846,38
230,0xFFcf8FDEE72ac11b5c542428B35EEF5769C409f0,1020834,38
231,0x1dF62f291b2E969fB0849d99D9Ce41e2F137006e,296110,10
232,0xd03ea8624C8C5987235048901fB614fDcA89b117,658464,24
233,0x90F8bf6A479f320ead074411a4B0e7944Ea8c9C1,322020,11
234,0xd03ea8624C8C5987235048901fB614fDcA89b117,218475,7
235,0x3E5e9111Ae8eB78Fe1CC3bb8915d5D461F3Ef9A9,761996,28
236,0x1dF62f291b2E969fB0849d99D9Ce41e2F137006e,166678,5
237,0x90F8bf6A479f320ead074411a4B0e7944Ea8c9C1,580895,21
238,0x95cED938F7991cd0dFcb48F0a06a40FA1aF46EBC,813774,30
239,0xd03ea8624C8C5987235048901fB614fDcA89b117,63160,1
240,0xACa94ef8bD5ffEE41947b4585a84BdA5a3d3DA6E,244337,8
241,0xACa94ef8bD5ffEE41947b4585a84BdA5a3d3DA6E,373806,13
242,0xE11BA2b4D45Eaed5996Cd0823791E0C93114882d,244349,8
243,0x90F8bf6A479f320ead074411a4B0e7944Ea8c9C1,114895,3
244,0xd03ea8624C8C5987235048901fB614fDcA89b117,1098675,41
245,0x22d491Bde2303f2f43325b2108D26f1eAbA1e32b,865553,32
246,0x95cED938F7991cd0dFcb48F0a06a40FA1aF46EBC,1098639,41
247,0xE11BA2b4D45Eaed5996Cd0823791E0C93114882d,632648,23
248,0xFFcf8FDEE72ac11b5c542428B35EEF5769C409f0,943271,35
249,0x95cED938F7991cd0dFcb48F0a06a40FA1aF46EBC,1046845,39
250,0x1dF62f291b2E969fB0849d99D9Ce41e2F137006e,1305771,49
251,0xE11BA2b4D45Eaed5996Cd0823791E0C93114882d,140793,4
252,0x95cED938F7991cd0dFcb48F0a06a40FA1aF46EBC,554947,20
253,0xd03ea8624C8C5987235048901fB614fDcA89b117,270259,9
254,0xd03ea8624C8C5987235048901fB614fDcA89b117,140793,4
255,0x22d491Bde2303f2f43325b2108D26f1eAbA1e32b,736155,27
256,0xFFcf8FDEE72ac11b5c542428B35EEF5769C409f0,761972,28
257,0xACa94ef8bD5ffEE41947b4585a84BdA5a3d3DA6E,995004,37
258,0xd03ea8624C8C5987235048901fB614fDcA89b117,347883,12
259,0xACa94ef8bD5ffEE41947b4585a84BdA5a3d3DA6E,114907,3
260,0x90F8bf6A479f320ead074411a4B0e7944Ea8c9C1,270247,9
261,0x22d491Bde2303f2f43325b2108D26f1eAbA1e32b,969041,36
262,0xd03ea8624C8C5987235048901fB614fDcA89b117,399645,14
263,0xACa94ef8bD5ffEE41947b4585a84BdA5a3d3DA6E,1072640,40
264,0x90F8bf6A479f320ead074411a4B0e7944Ea8c9C1,1046869,39
265,0x1dF62f291b2E969fB0849d99D9Ce41e2F137006e,322020,11
266,0xd03ea8624C8C5987235048901fB614fDcA89b117,788005,29
267,0x95cED938F7991cd0dFcb48F0a06a40FA1aF46EBC,114907,3
268,0x28a8746e75304c0780E011BEd21C72cD78cd535E,943343,35
269,0x95cED938F7991cd0dFcb48F0a06a40FA1aF46EBC,969101,36
270,0xd03ea8624C8C5987235048901fB614fDcA89b117,296110,10
271,0x1dF62f291b2E969fB0849d99D9Ce41e2F137006e,943295,35
272,0xd03ea8624C8C5987235048901fB614fDcA89b117,917333,34
273,0xd03ea8624C8C5987235048901fB614fDcA89b117,114907,3
274,0xACa94ef8bD5ffEE41947b4585a84BdA5a3d3DA6E,762020,28
275,0x95cED938F7991cd0dFcb48F0a06a40FA1aF46EBC,1227951,46
276,0x22d491Bde2303f2f43325b2108D26f1eAbA1e32b,788005,29
277,0xd03ea8624C8C5987235048901fB614fDcA89b117,63160,1
278,0xACa94ef8bD5ffEE41947b4585a84BdA5a3d3DA6E,140793,4
279,0xE11BA2b4D45Eaed5996Cd0823791E0C93114882d,347883,12
280,0x1dF62f291b2E969fB0849d99D9Ce41e2F137006e,1176144,44
281,0x1dF62f291b2E969fB0849d99D9Ce41e2F137006e,477344,17
282,0x3E5e9111Ae8eB78Fe1CC3bb8915d5D461F3Ef9A9,192540,6
